 0.0000000e+00  0.0000000e+00  0.0000000e+00
 3.2187473e-05  1.9957261e-08  2.0608622e-04
 1.0575681e-04  6.5572438e-08  6.7602710e-04
 1.9771341e-04  1.2258742e-07  1.2617091e-03
 3.0805389e-04  1.9099846e-07  1.9619763e-03
 4.3677418e-04  2.7079999e-07  2.7754476e-03
 5.8386956e-04  3.6198401e-07  3.7005196e-03
 7.4933462e-04  4.6453938e-07  4.7353698e-03
 9.3316326e-04  5.7845096e-07  5.8779600e-03
 1.1353487e-03  7.0369872e-07  7.1260407e-03
 1.3558836e-03  8.4025656e-07  8.4771565e-03
 1.5947597e-03  9.8809109e-07  9.9286511e-03
 1.8519684e-03  1.1471601e-06  1.1477674e-02
 2.1275000e-03  1.3174111e-06  1.3121185e-02
 2.4213446e-03  1.4987789e-06  1.4855965e-02
 2.7334912e-03  1.6911839e-06  1.6678618e-02
 3.0639285e-03  1.8945292e-06  1.8585581e-02
 3.4126442e-03  2.1086979e-06  2.0573135e-02
 3.7796255e-03  2.3335493e-06  2.2637410e-02
 4.1648590e-03  2.5689148e-06  2.4774395e-02
 4.5683304e-03  2.8145936e-06  2.6979954e-02
 4.9900249e-03  3.0703464e-06  2.9249828e-02
 5.4299271e-03  3.3358886e-06  3.1579657e-02
 5.8880206e-03  3.6108826e-06  3.3964984e-02
 6.3642888e-03  3.8949274e-06  3.6401275e-02
 6.8587139e-03  4.1875472e-06  3.8883928e-02
 7.3712780e-03  4.4881776e-06  4.1408295e-02
 7.9019621e-03  4.7961486e-06  4.3969689e-02
 8.4507467e-03  5.1106658e-06  4.6563407e-02
 9.0176116e-03  5.4307878e-06  4.9184745e-02
 9.6025359e-03  5.7554006e-06  5.1829012e-02
 1.0205498e-02  6.0831884e-06  5.4491551e-02
 1.0826476e-02  6.4126014e-06  5.7167752e-02
 1.1465447e-02  6.7418196e-06  5.9853069e-02
 1.2122388e-02  7.0687142e-06  6.2543038e-02
 1.2797273e-02  7.3908055e-06  6.5233290e-02
 1.3490080e-02  7.7052184e-06  6.7919565e-02
 1.4200781e-02  8.0086358e-06  7.0597727e-02
 1.4929351e-02  8.2972498e-06  7.3263772e-02
 1.5675762e-02  8.5667128e-06  7.5913843e-02
 1.6439989e-02  8.8120862e-06  7.8544237e-02
 1.7222002e-02  9.0277909e-06  8.1151415e-02
 1.8021772e-02  9.2075571e-06  8.3732007e-02
 1.8839271e-02  9.3443766e-06  8.6282815e-02
 1.9674468e-02  9.4304577e-06  8.8800823e-02
 2.0527333e-02  9.4571848e-06  9.1283195e-02
 2.1397834e-02  9.4150835e-06  9.3727277e-02
 2.2285938e-02  9.2937957e-06  9.6130596e-02
 2.3191614e-02  9.0820636e-06  9.8490863e-02
 2.4114829e-02  8.7677297e-06  1.0080596e-01
 2.5055547e-02  8.3377518e-06  1.0307396e-01
 2.6013735e-02  7.7782385e-06  1.0529309e-01
 2.6989357e-02  7.0745048e-06  1.0746175e-01
 2.7982378e-02  6.2111528e-06  1.0957849e-01
 2.8992761e-02  5.1721744e-06  1.1164204e-01
 3.0020468e-02  3.9410786e-06  1.1365125e-01
 3.1065462e-02  2.5010402e-06  1.1560512e-01
 3.2127705e-02  8.3506734e-07  1.1750280e-01
 3.3207157e-02 -1.0738152e-06  1.1934355e-01
 3.4303779e-02 -3.2423725e-06  1.2112676e-01
 3.5417530e-02 -5.6869592e-06  1.2285193e-01
 3.6548370e-02 -8.4233194e-06  1.2451867e-01
 3.7696257e-02 -1.1466389e-05  1.2612671e-01
 3.8861148e-02 -1.4830105e-05  1.2767586e-01
 4.0043000e-02 -1.8527227e-05  1.2916603e-01
 4.1241772e-02 -2.2569167e-05  1.3059722e-01
 4.2457417e-02 -2.6965836e-05  1.3196951e-01
 4.3689892e-02 -3.1725498e-05  1.3328306e-01
 4.4939151e-02 -3.6854640e-05  1.3453810e-01
 4.6205148e-02 -4.2357848e-05  1.3573495e-01
 4.7487836e-02 -4.8237687e-05  1.3687397e-01
 4.8787169e-02 -5.4494600e-05  1.3795561e-01
 5.0103099e-02 -6.1126797e-05  1.3898036e-01
 5.1435577e-02 -6.8130170e-05  1.3994878e-01
 5.2784555e-02 -7.5498203e-05  1.4086147e-01
 5.4149981e-02 -8.3221914e-05  1.4171909e-01
 5.5531808e-02 -9.1289813e-05  1.4252235e-01
 5.6929982e-02 -9.9687897e-05  1.4327199e-01
 5.8344454e-02 -1.0839968e-04  1.4396880e-01
 5.9775172e-02 -1.1740628e-04  1.4461359e-01
 6.1222081e-02 -1.2668653e-04  1.4520724e-01
 6.2685130e-02 -1.3621723e-04  1.4575062e-01
 6.4164264e-02 -1.4597333e-04  1.4624466e-01
 6.5659429e-02 -1.5592827e-04  1.4669028e-01
 6.7170571e-02 -1.6605434e-04  1.4708847e-01
 6.8697633e-02 -1.7632309e-04  1.4744021e-01
 7.0240559e-02 -1.8670574e-04  1.4774649e-01
 7.1799292e-02 -1.9717364e-04  1.4800833e-01
 7.3373776e-02 -2.0769872e-04  1.4822677e-01
 7.4963952e-02 -2.1825390e-04  1.4840286e-01
 7.6569762e-02 -2.2881349e-04  1.4853763e-01
 7.8191147e-02 -2.3935352e-04  1.4863216e-01
 7.9828047e-02 -2.4985198e-04  1.4868751e-01
 8.1480401e-02 -2.6028905e-04  1.4870475e-01
 8.3148150e-02 -2.7064721e-04  1.4868495e-01
 8.4831232e-02 -2.8091122e-04  1.4862917e-01
 8.6529584e-02 -2.9106816e-04  1.4853850e-01
 8.8243145e-02 -3.0110732e-04  1.4841399e-01
 8.9971851e-02 -3.1102005e-04  1.4825670e-01
 9.1715639e-02 -3.2079969e-04  1.4806768e-01
 9.3474445e-02 -3.3044133e-04  1.4784798e-01
 9.5248203e-02 -3.3994166e-04  1.4759861e-01
 9.7036850e-02 -3.4929879e-04  1.4732060e-01
 9.8840318e-02 -3.5851205e-04  1.4701492e-01
 1.0065854e-01 -3.6758173e-04  1.4668255e-01
 1.0249145e-01 -3.7650895e-04  1.4632445e-01
 1.0433899e-01 -3.8529539e-04  1.4594153e-01
 1.0620107e-01 -3.9394299e-04  1.4553468e-01
 1.0807765e-01 -4.0245365e-04  1.4510477e-01
 1.0996863e-01 -4.1082874e-04  1.4465264e-01
 1.1187397e-01 -4.1906858e-04  1.4417909e-01
 1.1379358e-01 -4.2717181e-04  1.4368489e-01
 1.1572739e-01 -4.3513480e-04  1.4317078e-01
 1.1767534e-01 -4.4295120e-04  1.4263746e-01
 1.1963736e-01 -4.5061148e-04  1.4208562e-01
 1.2161336e-01 -4.5810288e-04  1.4151588e-01
 1.2360328e-01 -4.6540938e-04  1.4092886e-01
 1.2560705e-01 -4.7251202e-04  1.4032514e-01
 1.2762459e-01 -4.7938936e-04  1.3970527e-01
 1.2965582e-01 -4.8601814e-04  1.3906975e-01
 1.3170068e-01 -4.9237404e-04  1.3841908e-01
 1.3375908e-01 -4.9843262e-04  1.3775372e-01
 1.3583095e-01 -5.0417026e-04  1.3707410e-01
 1.3791622e-01 -5.0956527e-04  1.3638063e-01
 1.4001481e-01 -5.1459896e-04  1.3567368e-01
 1.4212664e-01 -5.1925672e-04  1.3495364e-01
 1.4425163e-01 -5.2352903e-04  1.3422082e-01
 1.4638971e-01 -5.2741226e-04  1.3347558e-01
 1.4854079e-01 -5.3090922e-04  1.3271820e-01
 1.5070480e-01 -5.3402945e-04  1.3194900e-01
 1.5288166e-01 -5.3678902e-04  1.3116826e-01
 1.5507129e-01 -5.3921009e-04  1.3037627e-01
 1.5727360e-01 -5.4132008e-04  1.2957330e-01
 1.5948852e-01 -5.4315061e-04  1.2875963e-01
 1.6171597e-01 -5.4473620e-04  1.2793553e-01
 1.6395586e-01 -5.4611298e-04  1.2710126e-01
 1.6620810e-01 -5.4731728e-04  1.2625710e-01
 1.6847263e-01 -5.4838440e-04  1.2540331e-01
 1.7074935e-01 -5.4934749e-04  1.2454016e-01
 1.7303818e-01 -5.5023675e-04  1.2366793e-01
 1.7533904e-01 -5.5107879e-04  1.2278689e-01
 1.7765184e-01 -5.5189621e-04  1.2189732e-01
 1.7997650e-01 -5.5270741e-04  1.2099949e-01
 1.8231292e-01 -5.5352647e-04  1.2009370e-01
 1.8466104e-01 -5.5436307e-04  1.1918021e-01
 1.8702075e-01 -5.5522242e-04  1.1825932e-01
 1.8939197e-01 -5.5610524e-04  1.1733131e-01
 1.9177462e-01 -5.5700760e-04  1.1639644e-01
 1.9416860e-01 -5.5792086e-04  1.1545499e-01
 1.9657384e-01 -5.5883145e-04  1.1450724e-01
 1.9899024e-01 -5.5972069e-04  1.1355342e-01
 2.0141770e-01 -5.6056443e-04  1.1259381e-01
 2.0385615e-01 -5.6133258e-04  1.1162864e-01
 2.0630550e-01 -5.6198870e-04  1.1065815e-01
 2.0876564e-01 -5.6248963e-04  1.0968258e-01
 2.1123650e-01 -5.6278535e-04  1.0870215e-01
 2.1371798e-01 -5.6281944e-04  1.0771708e-01
 2.1620999e-01 -5.6253003e-04  1.0672760e-01
 2.1871243e-01 -5.6185134e-04  1.0573391e-01
 2.2122523e-01 -5.6071555e-04  1.0473624e-01
 2.2374828e-01 -5.5905486e-04  1.0373479e-01
 2.2628149e-01 -5.5680331e-04  1.0272979e-01
 2.2882476e-01 -5.5389834e-04  1.0172143e-01
 2.3137802e-01 -5.5028195e-04  1.0070995e-01
 2.3394115e-01 -5.4590151e-04  9.9695554e-02
 2.3651407e-01 -5.4071019e-04  9.8678467e-02
 2.3909668e-01 -5.3466703e-04  9.7658914e-02
 2.4168888e-01 -5.2773667e-04  9.6637120e-02
 2.4429059e-01 -5.1988906e-04  9.5613311e-02
 2.4690170e-01 -5.1109944e-04  9.4587713e-02
 2.4952213e-01 -5.0134890e-04  9.3560551e-02
 2.5215176e-01 -4.9062585e-04  9.2532050e-02
 2.5479052e-01 -4.7892801e-04  9.1502430e-02
 2.5743829e-01 -4.6626478e-04  9.0471907e-02
 2.6009498e-01 -4.5265933e-04  8.9440693e-02
 2.6276050e-01 -4.3815001e-04  8.8408994e-02
 2.6543475e-01 -4.2279046e-04  8.7377009e-02
 2.6811762e-01 -4.0664851e-04  8.6344932e-02
 2.7080902e-01 -3.8980386e-04  8.5312947e-02
 2.7350885e-01 -3.7234506e-04  8.4281232e-02
 2.7621702e-01 -3.5436613e-04  8.3249959e-02
 2.7893341e-01 -3.3596343e-04  8.2219293e-02
 2.8165793e-01 -3.1723288e-04  8.1189393e-02
 2.8439049e-01 -2.9826791e-04  8.0160416e-02
 2.8713098e-01 -2.7915801e-04  7.9132510e-02
 2.8987929e-01 -2.5998823e-04  7.8105817e-02
 2.9263534e-01 -2.4083932e-04  7.7080473e-02
 2.9539901e-01 -2.2178851e-04  7.6056608e-02
 2.9817021e-01 -2.0291045e-04  7.5034347e-02
 3.0094883e-01 -1.8427761e-04  7.4013814e-02
 3.0373478e-01 -1.6595983e-04  7.2995134e-02
 3.0652794e-01 -1.4802280e-04  7.1978433e-02
 3.0932822e-01 -1.3052596e-04  7.0963843e-02
 3.1213551e-01 -1.1352050e-04  6.9951501e-02
 3.1494972e-01 -9.7048176e-05  6.8941550e-02
 3.1777072e-01 -8.1141190e-05  6.7934135e-02
 3.2059844e-01 -6.5823192e-05  6.6929403e-02
 3.2343275e-01 -5.1110927e-05  6.5927501e-02
 3.2627355e-01 -3.7016140e-05  6.4928577e-02
 3.2912075e-01 -2.3547329e-05  6.3932781e-02
 3.3197423e-01 -1.0711147e-05  6.2940266e-02
 3.3483389e-01  1.4866036e-06  6.1951189e-02
 3.3769963e-01  1.3040383e-05  6.0965717e-02
 3.4057133e-01  2.3944633e-05  5.9984024e-02
 3.4344890e-01  3.4193766e-05  5.9006295e-02
 3.4633223e-01  4.3782351e-05  5.8032724e-02
 3.4922121e-01  5.2705469e-05  5.7063522e-02
 3.5211574e-01  6.0959227e-05  5.6098917e-02
 3.5501571e-01  6.8541370e-05  5.5139153e-02
 3.5792101e-01  7.5451948e-05  5.4184490e-02
 3.6083153e-01  8.1693935e-05  5.3235202e-02
 3.6374718e-01  8.7273771e-05  5.2291575e-02
 3.6666783e-01  9.2201740e-05  5.1353898e-02
 3.6959339e-01  9.6492134e-05  5.0422462e-02
 3.7252375e-01  1.0016303e-04  4.9497561e-02
 3.7545879e-01  1.0323561e-04  4.8579485e-02
 3.7839842e-01  1.0573302e-04  4.7668526e-02
 3.8134252e-01  1.0767920e-04  4.6764978e-02
 3.8429098e-01  1.0909786e-04  4.5869142e-02
 3.8724370e-01  1.1001189e-04  4.4981330e-02
 3.9020057e-01  1.1044308e-04  4.4101875e-02
 3.9316148e-01  1.1041212e-04  4.3231130e-02
 3.9612631e-01  1.0993869e-04  4.2369479e-02
 3.9909497e-01  1.0904161e-04  4.1517340e-02
 4.0206734e-01  1.0773897e-04  4.0675165e-02
 4.0504331e-01  1.0604835e-04  3.9843444e-02
 4.0802277e-01  1.0398695e-04  3.9022707e-02
 4.1100562e-01  1.0157184e-04  3.8213523e-02
 4.1399174e-01  9.8820164e-05  3.7416503e-02
 4.1698102e-01  9.5749235e-05  3.6632300e-02
 4.1997336e-01  9.2376553e-05  3.5861612e-02
 4.2296864e-01  8.8719458e-05  3.5105179e-02
 4.2596675e-01  8.4794476e-05  3.4363787e-02
 4.2896759e-01  8.0616556e-05  3.3638273e-02
 4.3197104e-01  7.6198600e-05  3.2929521e-02
 4.3497699e-01  7.1551643e-05  3.2238468e-02
 4.3798533e-01  6.6685808e-05  3.1566104e-02
 4.4099596e-01  6.1611868e-05  3.0913476e-02
 4.4400875e-01  5.6343109e-05  3.0281690e-02
 4.4702361e-01  5.0897242e-05  2.9671913e-02
 4.5004041e-01  4.5298210e-05  2.9085373e-02
 4.5305905e-01  3.9577802e-05  2.8523352e-02
 4.5607942e-01  3.3776856e-05  2.7987179e-02
 4.5910140e-01  2.7945782e-05  2.7478216e-02
 4.6212489e-01  2.2144099e-05  2.6997848e-02
 4.6514977e-01  1.6438889e-05  2.6547465e-02
 4.6817593e-01  1.0902288e-05  2.6128455e-02
 4.7120326e-01  5.6083690e-06  2.5742186e-02
 4.7423165e-01  6.2986715e-07  2.5389994e-02
 4.7726099e-01 -3.9647967e-06  2.5073165e-02
 4.8029117e-01 -8.1138518e-06  2.4792918e-02
 4.8332207e-01 -1.1763671e-05  2.4550385e-02
 4.8635358e-01 -1.4869414e-05  2.4346588e-02
 4.8938560e-01 -1.7394977e-05  2.4182419e-02
 4.9241801e-01 -1.9312515e-05  2.4058619e-02
 4.9545069e-01 -2.0601806e-05  2.3975761e-02
 4.9848355e-01 -2.1249693e-05  2.3934234e-02
 5.0151645e-01 -2.1249693e-05  2.3934234e-02
